0 0 6
0.01 0.0560027 5.9925
0.02 0.111865 5.985
0.03 0.167587 5.9775
0.04 0.22317 5.97
0.05 0.278612 5.9625
0.06 0.333913 5.955
0.07 0.389075 5.9475
0.08 0.444096 5.94
0.09 0.498976 5.9325
0.1 0.553717 5.925
0.11 0.608317 5.9175
0.12 0.662776 5.91
0.13 0.717095 5.9025
0.14 0.771274 5.895
0.15 0.825311 5.8875
0.16 0.879207 5.88
0.17 0.932963 5.8725
0.18 0.986577 5.865
0.19 1.04005 5.8575
0.2 1.09338 5.85
0.21 1.14657 5.8425
0.22 1.19962 5.835
0.23 1.25252 5.8275
0.24 1.30528 5.82
0.25 1.3579 5.8125
0.26 1.41037 5.805
0.27 1.4627 5.7975
0.28 1.51489 5.79
0.29 1.56693 5.7825
0.3 1.61883 5.775
0.31 1.67057 5.7675
0.32 1.72218 5.76
0.33 1.77363 5.7525
0.34 1.82494 5.745
0.35 1.8761 5.7375
0.36 1.92711 5.73
0.37 1.97797 5.7225
0.38 2.02868 5.715
0.39 2.07924 5.7075
0.4 2.12964 5.7
0.41 2.1799 5.6925
0.42 2.22999 5.685
0.43 2.27994 5.6775
0.44 2.32972 5.67
0.45 2.37935 5.6625
0.46 2.42882 5.655
0.47 2.47813 5.6475
0.48 2.52727 5.64
0.49 2.57626 5.6325
0.5 2.62508 5.625
0.51 2.67374 5.6175
0.52 2.72222 5.61
0.53 2.77055 5.6025
0.54 2.8187 5.595
0.55 2.86667 5.5875
0.56 2.91448 5.58
0.57 2.96211 5.5725
0.58 3.00957 5.565
0.59 3.05684 5.5575
0.6 3.10394 5.55
0.61 3.15085 5.5425
0.62 3.19758 5.535
0.63 3.24413 5.5275
0.64 3.29048 5.52
0.65 3.33665 5.5125
0.66 3.38262 5.505
0.67 3.4284 5.4975
0.68 3.47398 5.49
0.69 3.51936 5.4825
0.7 3.56454 5.475
0.71 3.60951 5.4675
0.72 3.65428 5.46
0.73 3.69884 5.4525
0.74 3.74319 5.445
0.75 3.78732 5.4375
0.76 3.83124 5.43
0.77 3.87494 5.4225
0.78 3.91841 5.415
0.79 3.96166 5.4075
0.8 4.00469 5.4
0.81 4.04748 5.3925
0.82 4.09004 5.385
0.83 4.13236 5.3775
0.839999 4.17444 5.37
0.849999 4.21628 5.3625
0.859999 4.25788 5.355
0.869999 4.29923 5.3475
0.879999 4.34032 5.34
0.889999 4.38116 5.3325
0.899999 4.42175 5.325
0.909999 4.46207 5.3175
0.919999 4.50213 5.31
0.929999 4.54192 5.3025
0.939999 4.58145 5.295
0.949999 4.6207 5.2875
0.959999 4.65967 5.28
0.969999 4.69836 5.2725
0.979999 4.73677 5.265
0.989999 4.7749 5.2575
0.999999 4.81274 5.25
1.01 4.85028 5.2425
1.02 4.88753 5.235
1.03 4.92448 5.2275
1.04 4.96113 5.22
1.05 4.99748 5.2125
1.06 5.03352 5.205
1.07 5.06925 5.1975
1.08 5.10466 5.19
1.09 5.13976 5.1825
1.1 5.17454 5.175
1.11 5.20899 5.1675
1.12 5.24312 5.16
1.13 5.27693 5.1525
1.14 5.3104 5.145
1.15 5.34354 5.1375
1.16 5.37634 5.13
1.17 5.4088 5.1225
1.18 5.44093 5.115
1.19 5.47271 5.1075
1.2 5.50414 5.1
1.21 5.53522 5.0925
1.22 5.56596 5.085
1.23 5.59634 5.0775
1.24 5.62637 5.07
1.25 5.65604 5.0625
1.26 5.68535 5.055
1.27 5.7143 5.0475
1.28 5.74288 5.04
1.29 5.7711 5.0325
1.3 5.79896 5.025
1.31 5.82645 5.0175
1.32 5.85357 5.01
1.33 5.88032 5.0025
1.34 5.90669 4.995
1.35 5.9327 4.9875
1.36 5.95833 4.98
1.37 5.98359 4.9725
1.38 6.00847 4.965
1.39 6.03297 4.9575
1.4 6.0571 4.95
1.41 6.08085 4.9425
1.42 6.10422 4.935
1.43 6.12721 4.9275
1.44 6.14983 4.92
1.45 6.17206 4.9125
1.46 6.19392 4.905
1.47 6.2154 4.8975
1.48 6.2365 4.89
1.49 6.25722 4.8825
1.5 6.27756 4.875
1.51 6.29753 4.8675
1.52 6.31712 4.86
1.53 6.33633 4.8525
1.54 6.35517 4.845
1.55 6.37363 4.8375
1.56 6.39172 4.83
1.57 6.40944 4.8225
1.58 6.42679 4.815
1.59 6.44376 4.8075
1.6 6.46037 4.8
1.61 6.47661 4.7925
1.62 6.49249 4.785
1.63 6.508 4.7775
1.64 6.52315 4.77
1.65 6.53793 4.7625
1.66 6.55237 4.755
1.67 6.56644 4.7475
1.68 6.58016 4.74
1.69 6.59352 4.7325
1.7 6.60654 4.725
1.71 6.61921 4.7175
1.72 6.63153 4.71
1.73 6.64351 4.7025
1.74 6.65514 4.695
1.75 6.66644 4.6875
1.76 6.6774 4.68
1.77 6.68803 4.6725
1.78 6.69833 4.665
1.79 6.7083 4.6575
1.8 6.71795 4.65
1.81 6.72727 4.6425
1.82 6.73627 4.635
1.83 6.74496 4.6275
1.84 6.75333 4.62
1.85 6.76139 4.6125
1.86 6.76915 4.605
1.87 6.77659 4.5975
1.88 6.78374 4.59
1.89 6.79059 4.5825
1.9 6.79714 4.575
1.91 6.8034 4.5675
1.92 6.80937 4.56
1.93 6.81505 4.5525
1.94 6.82045 4.545
1.95 6.82557 4.5375
1.96 6.83041 4.53
1.97 6.83498 4.5225
1.98 6.83928 4.515
1.99 6.84331 4.5075
2 6.84708 4.5
2.01 6.85058 4.4925
2.02 6.85383 4.485
2.03 6.85683 4.4775
2.04 6.85957 4.47
2.05 6.86207 4.4625
2.06 6.86432 4.455
2.07 6.86632 4.4475
2.08 6.86809 4.44
2.09 6.86963 4.4325
2.1 6.87093 4.425
2.11 6.872 4.4175
2.12 6.87285 4.41
2.13 6.87348 4.4025
2.14 6.87388 4.395
2.15 6.87407 4.3875
2.16 6.87404 4.38
2.17 6.8738 4.3725
2.18 6.87336 4.365
2.19 6.87271 4.3575
2.2 6.87186 4.35
2.21 6.87081 4.3425
2.22 6.86957 4.335
2.23 6.86813 4.3275
2.24 6.8665 4.32
2.25 6.86469 4.3125
2.26 6.86268 4.305
2.27 6.8605 4.2975
2.28 6.85814 4.29
2.29 6.85561 4.2825
2.3 6.8529 4.275
2.31 6.85002 4.2675
2.32 6.84697 4.26
2.33 6.84375 4.2525
2.34 6.84038 4.245
2.35 6.83684 4.2375
2.36 6.83314 4.23
2.37 6.82929 4.2225
2.38 6.82529 4.215
2.39 6.82114 4.2075
2.4 6.81683 4.2
2.41 6.81239 4.1925
2.42 6.8078 4.185
2.43 6.80306 4.1775
2.44 6.79819 4.17
2.45 6.79319 4.1625
2.46 6.78805 4.155
2.47 6.78277 4.1475
2.48 6.77737 4.14
2.49 6.77184 4.1325
2.5 6.76618 4.125
2.51 6.7604 4.1175
2.52 6.7545 4.11
2.53 6.74848 4.1025
2.54 6.74234 4.095
2.55 6.73609 4.0875
2.56 6.72972 4.08
2.57 6.72324 4.0725
2.58 6.71665 4.065
2.59 6.70996 4.0575
2.6 6.70315 4.05
2.61 6.69625 4.0425
2.62 6.68924 4.035
2.63 6.68213 4.0275
2.64 6.67492 4.02
2.65 6.66761 4.0125
2.66 6.66021 4.005
2.67 6.65271 3.9975
2.68 6.64512 3.99
2.69 6.63744 3.9825
2.7 6.62967 3.975
2.71 6.62181 3.9675
2.72 6.61386 3.96
2.73 6.60583 3.9525
2.74 6.59772 3.945
2.75 6.58952 3.9375
2.76 6.58125 3.93
2.77 6.57289 3.9225
2.78 6.56446 3.915
2.79 6.55595 3.9075
2.8 6.54736 3.9
2.81 6.5387 3.8925
2.82 6.52997 3.885
2.83 6.52117 3.8775
2.84 6.51229 3.87
2.85 6.50335 3.8625
2.86 6.49434 3.855
2.87 6.48526 3.8475
2.88 6.47611 3.84
2.89 6.46691 3.8325
2.9 6.45763 3.825
2.91 6.4483 3.8175
2.92 6.4389 3.81
2.93 6.42945 3.8025
2.94 6.41993 3.795
2.95 6.41036 3.7875
2.96 6.40073 3.78
2.97 6.39104 3.7725
2.98 6.3813 3.765
2.99 6.37151 3.7575
3 6.36166 3.75
3.01 6.35176 3.7425
3.02 6.3418 3.735
3.03 6.3318 3.7275
3.04 6.32175 3.72
3.05 6.31164 3.7125
3.06 6.30149 3.705
3.07 6.2913 3.6975
3.08 6.28105 3.69
3.09 6.27076 3.6825
3.1 6.26043 3.675
3.11 6.25005 3.6675
3.12 6.23962 3.66
3.13 6.22916 3.6525
3.14 6.21865 3.645
3.15 6.2081 3.6375
3.16 6.19751 3.63
3.17 6.18688 3.6225
3.18 6.17622 3.615
3.19 6.16551 3.6075
3.2 6.15476 3.6
3.21 6.14398 3.5925
3.22 6.13316 3.585
3.23 6.12231 3.5775
3.24 6.11142 3.57
3.25 6.10049 3.5625
3.26 6.08953 3.555
3.27 6.07854 3.5475
3.28 6.06751 3.54
3.29 6.05645 3.5325
3.3 6.04536 3.525
3.31 6.03424 3.5175
3.32 6.02309 3.51
3.33 6.0119 3.5025
3.34 6.00069 3.495
3.35 5.98945 3.4875
3.36 5.97818 3.48
3.37 5.96687 3.4725
3.38 5.95555 3.465
3.39 5.94419 3.4575
3.4 5.93281 3.45
3.41 5.9214 3.4425
3.42 5.90996 3.435
3.43 5.8985 3.4275
3.44 5.88701 3.42
3.45 5.8755 3.4125
3.46 5.86396 3.405
3.47 5.8524 3.3975
3.48 5.84082 3.39
3.49 5.82921 3.3825
3.5 5.81757 3.375
3.51 5.80592 3.3675
3.52 5.79424 3.36
3.53 5.78255 3.3525
3.54 5.77083 3.345
3.55 5.75909 3.3375
3.56 5.74732 3.33
3.57 5.73554 3.3225
3.58 5.72374 3.315
3.59 5.71192 3.3075
3.6 5.70007 3.3
3.61 5.68821 3.2925
3.62 5.67633 3.285
3.63 5.66443 3.2775
3.64 5.65252 3.27
3.65 5.64058 3.2625
3.66 5.62863 3.255
3.67 5.61666 3.2475
3.68 5.60467 3.24
3.69 5.59267 3.2325
3.7 5.58064 3.225
3.71 5.56861 3.2175
3.72 5.55655 3.21
3.73 5.54448 3.2025
3.74 5.5324 3.195
3.75 5.5203 3.1875
3.76 5.50818 3.18
3.77 5.49605 3.1725
3.78 5.4839 3.165
3.79 5.47174 3.1575
3.8 5.45957 3.15
3.81 5.44738 3.1425
3.82 5.43518 3.135
3.83 5.42296 3.1275
3.84 5.41073 3.12
3.85 5.39849 3.1125
3.86 5.38624 3.105
3.87 5.37397 3.0975
3.88 5.36169 3.09
3.89 5.34939 3.0825
3.9 5.33709 3.075
3.91 5.32477 3.0675
3.92 5.31244 3.06
3.93 5.3001 3.0525
3.94 5.28775 3.045
3.95 5.27539 3.0375
3.96 5.26301 3.03
3.97 5.25063 3.0225
3.98 5.23823 3.015
3.99 5.22582 3.0075
4 5.21341 3
4.01 5.20098 2.9925
4.02 5.18854 2.985
4.03 5.17609 2.9775
4.04 5.16363 2.97
4.05 5.15116 2.9625
4.06 5.13869 2.955
4.07 5.1262 2.9475
4.08 5.1137 2.94
4.09 5.1012 2.9325
4.1 5.08868 2.925
4.11 5.07616 2.9175
4.12 5.06363 2.91
4.13 5.05109 2.9025
4.14 5.03854 2.895
4.15 5.02598 2.8875
4.16 5.01341 2.88
4.17 5.00084 2.8725
4.18 4.98826 2.865
4.19 4.97567 2.8575
4.2 4.96307 2.85
4.21 4.95047 2.8425
4.22 4.93785 2.835
4.23 4.92523 2.8275
4.24 4.9126 2.82
4.25 4.89997 2.8125
4.26 4.88733 2.805
4.27 4.87468 2.7975
4.28 4.86202 2.79
4.29 4.84936 2.7825
4.3 4.83669 2.775
4.31 4.82401 2.7675
4.32 4.81133 2.76
4.33 4.79864 2.7525
4.34 4.78595 2.745
4.35 4.77325 2.7375
4.36 4.76054 2.73
4.37001 4.74782 2.7225
4.38001 4.7351 2.715
4.39001 4.72238 2.7075
4.40001 4.70965 2.7
4.41001 4.69691 2.6925
4.42001 4.68417 2.685
4.43001 4.67142 2.6775
4.44001 4.65866 2.66999
4.45001 4.6459 2.66249
4.46001 4.63314 2.65499
4.47001 4.62037 2.64749
4.48001 4.60759 2.63999
4.49001 4.59481 2.63249
4.50001 4.58202 2.62499
4.51001 4.56923 2.61749
4.52001 4.55644 2.60999
4.53001 4.54364 2.60249
4.54001 4.53083 2.59499
4.55001 4.51802 2.58749
4.56001 4.50521 2.57999
4.57001 4.49239 2.57249
4.58001 4.47956 2.56499
4.59001 4.46673 2.55749
4.60001 4.4539 2.54999
4.61001 4.44106 2.54249
4.62001 4.42822 2.53499
4.63001 4.41538 2.52749
4.64001 4.40253 2.51999
4.65001 4.38967 2.51249
4.66001 4.37681 2.50499
4.67001 4.36395 2.49749
4.68001 4.35109 2.48999
4.69001 4.33822 2.48249
4.70001 4.32534 2.47499
4.71001 4.31247 2.46749
4.72001 4.29958 2.45999
4.73001 4.2867 2.45249
4.74001 4.27381 2.44499
4.75001 4.26092 2.43749
4.76001 4.24802 2.42999
4.77001 4.23512 2.42249
4.78001 4.22222 2.41499
4.79001 4.20931 2.40749
4.80001 4.1964 2.39999
4.81002 4.18349 2.39249
4.82002 4.17057 2.38499
4.83002 4.15765 2.37749
4.84002 4.14473 2.36999
4.85002 4.13181 2.36249
4.86002 4.11888 2.35499
4.87002 4.10594 2.34749
4.88002 4.09301 2.33999
4.89002 4.08007 2.33249
4.90002 4.06713 2.32499
4.91002 4.05419 2.31749
4.92002 4.04124 2.30999
4.93002 4.02829 2.30249
4.94002 4.01534 2.29499
4.95002 4.00238 2.28749
4.96002 3.98942 2.27999
4.97002 3.97646 2.27249
4.98002 3.9635 2.26499
4.99002 3.95053 2.25749
